       1    15.34245138
       2    15.36665301
       3    15.39140420
       4    15.41669778
       5    15.44254140
       6    15.46894233
       7    15.49590751
       8    15.52342420
       9    15.55150515
      10    15.58015608
      11    15.60938239
      12    15.63918915
      13    15.66958264
      14    15.70056653
      15    15.73214466
      16    15.76432040
      17    15.79709665
      18    15.83049716
      19    15.86452707
      20    15.89922220
      21    15.93456070
      22    15.97052280
      23    16.00711456
      24    16.04433864
      25    16.08219432
      26    16.12067873
      27    16.15979620
      28    16.19954872
      29    16.23989267
      30    16.28079832
      31    16.32224575
      32    16.36422526
      33    16.40660204
      34    16.44942324
      35    16.49276802
      36    16.53654923
      37    16.58073341
      38    16.62528867
      39    16.67020098
      40    16.71544141
      41    16.76098301
      42    16.66330327
      43    16.57557691
      44    16.49449506
      45    16.41962895
      46    16.35062264
      47    16.28714968
      48    16.22890081
      49    16.17558690
      50    16.12693330
      51    16.08267742
      52    16.04256701
      53    16.00636177
      54    15.97383040
      55    15.94475151
      56    15.91890783
      57    15.89609205
      58    15.87610401
      59    15.85875000
      60    15.84384301
      61    15.83120323
      62    15.82065588
      63    15.81203553
      64    15.80518126
      65    15.79993872
      66    15.79615963
      67    15.79370237
      68    15.79243241
      69    15.79222319
      70    15.79295560
      71    15.79451658
      72    15.79679717
      73    15.79969746
      74    15.80312457
      75    15.80699138
      76    15.81121707
      77    15.81572581
      78    15.82044941
      79    15.82532619
      80    15.83029933
      81    15.83531640
      82    15.84033198
      83    15.84530385
      84    15.85019688
      85    15.85497798
      86    15.85962000
      87    15.86409939
      88    15.86839822
      89    15.87249938
      90    15.87638937
      91    15.88005927
      92    15.88350120
      93    15.88671075
      94    15.88968701
      95    15.89242775
      96    15.89493480
      97    15.89721054
      98    15.89925844
      99    15.90108457
     100    15.90269496
     101    15.90409720
     102    15.90529774
     103    15.90630450
     104    15.90712645
     105    15.90777177
     106    15.90824910
     107    15.90856716
     108    15.90873447
     109    15.90875941
     110    15.90865088
     111    15.90841703
     112    15.90806613
     113    15.90760591
     114    15.90704482
     115    15.90639065
     116    15.90565087
     117    15.90483264
     118    15.90394275
     119    15.90298770
     120    15.90197363
     121    15.90090637
     122    15.89979142
     123    15.89863397
     124    15.89743892
     125    15.89621085
     126    15.89495409
     127    15.89367267
     128    15.89237036
     129    15.89105070
     130    15.88971697
     131    15.88837223
     132    15.88701932
     133    15.88566088
     134    15.88429934
     135    15.88293695
     136    15.88157579
     137    15.88021777
     138    15.87886466
     139    15.87751805
     140    15.87617941
     141    15.77700968
     142    15.77845385
     143    15.77981755
     144    15.78110762
     145    15.78232799
     146    15.78348240
     147    15.78457438
     148    15.78560729
     149    15.78658431
     150    15.78750844
     151     0.00000000
