                 1   216.86500000
                 2   222.90889999
                 3   229.10395601
                 4   235.44941008
                 5   241.94824174
                 6   248.60339739
                 7   255.41779315
                 8   262.38941143
                 9   269.52272629
                10   276.82049292
                11   284.28544662
                12   291.92029612
                13   299.72813322
                14   307.71144029
                15   315.87280818
                16   324.21477947
                17   332.73983944
                18   341.45599249
                19   350.36651528
                20   359.48284810
                21   368.80140126
                22   378.31913939
                23   388.03989611
                24   397.96671176
                25   408.10181191
                26   418.44692633
                27   429.00582495
                28   439.78174625
                29   450.76560590
                30   461.95201455
                31   473.33823652
                32   484.92436697
                33   496.67576786
                34   508.60800397
                35   520.74597128
                36   533.06817887
                37   545.56798338
                38   558.23907950
                39   571.08018768
                40   584.08574561
                41   597.25067182
                42   610.56890169
                43   624.12648307
                44   637.86352467
                45   651.77795711
                46   665.86459939
                47   680.11789569
                48   694.53049274
                49   709.09510196
                50   723.80351846
                51   738.64642097
                52   753.61326993
                53   768.69315626
                54   783.87418128
                55   799.14400246
                56   814.48819875
                57   829.89228144
                58   845.34099591
                59   860.81820849
                60   876.30712546
                61   891.79057395
                62   907.25041263
                63   922.66904647
                64   938.02794693
                65   953.30843283
                66   968.49158667
                67   983.55856415
                68   998.49084866
                69  1013.27067207
                70  1027.88093917
                71  1042.30486856
                72  1056.52537033
                73  1070.52691330
                74  1084.29495584
                75  1097.81556281
                76  1111.07573168
                77  1124.06299464
                78  1136.76650746
                79  1149.17676741
                80  1161.28506366
                81  1173.08341017
                82  1184.56563347
                83  1195.72599968
                84  1206.56080323
                85  1217.06649714
                86  1227.24127408
                87  1237.08423032
                88  1246.59623688
                89  1255.77809097
                90  1264.63166343
                91  1273.16035670
                92  1281.36770587
                93  1289.25842022
                94  1296.83841620
                95  1304.11287923
                96  1311.08849249
                97  1317.77200297
                98  1324.17047304
                99  1330.29192831
               100  1336.14424942
               101  1341.73587359
               102  1347.07464038
               103  1352.16891246
               104  1357.02739631
               105  1361.65836842
               106  1366.07020623
               107  1370.27121732
               108  1374.26953444
               109  1378.07313293
               110  1381.69011335
               111  1385.12815916
               112  1388.39490592
               113  1391.49765685
               114  1394.44393402
               115  1397.24087943
               116  1399.89539717
               117  1402.41415069
               118  1404.80356138
               119  1407.06980878
               120  1409.21883229
               121  1411.25633328
               122  1413.18777880
               123  1415.01840595
               124  1416.75322692
               125  1418.39703457
               126  1419.95440811
               127  1421.42971962
               128  1422.82714044
               129  1424.15064791
               130  1425.40403224
               131  1426.59090346
               132  1427.71469799
               133  1428.77868555
               134  1429.78597599
               135  1430.73952593
               136  1431.64214531
               137  1432.49650360
               138  1433.30513609
               139  1434.07044993
               140  1434.79472998
               141  1435.48014457
               142  1436.13152495
               143  1436.74687148
               144  1437.32922272
               145  1437.88031934
               146  1438.40181408
               147  1438.89527547
               148  1439.36219178
               149  1439.80397473
               150  1440.22196317
               151  1440.61742650
