     1        1.00000000
     2        0.99961061
     3        0.99919303
     4        0.99874525
     5        0.99826512
     6        0.99775033
     7        0.99719841
     8        0.99660675
     9        0.99597253
    10        0.99529275
    11        0.99456420
    12        0.99378347
    13        0.99294691
    14        0.99205064
    15        0.99109051
    16        0.99006212
    17        0.98896076
    18        0.98778145
    19        0.98651887
    20        0.98516740
    21        0.98372104
    22        0.98217344
    23        0.98051789
    24        0.97874726
    25        0.97685403
    26        0.97483025
    27        0.97266753
    28        0.97035703
    29        0.96788946
    30        0.96525506
    31        0.96244360
    32        0.95944434
    33        0.95624612
    34        0.95283725
    35        0.94920560
    36        0.94533861
    37        0.94122324
    38        0.93684610
    39        0.93219338
    40        0.92725098
    41        0.92200452
    42        0.91643938
    43        0.91054085
    44        0.90429414
    45        0.89768449
    46        0.89069733
    47        0.88331835
    48        0.87553366
    49        0.86732995
    50        0.85869463
    51        0.84961603
    52        0.84008358
    53        0.83008800
    54        0.81962151
    55        0.80867805
    56        0.79725348
    57        0.78534580
    58        0.77295535
    59        0.76008499
    60        0.74674032
    61        0.73292980
    62        0.71866489
    63        0.70396017
    64        0.68883339
    65        0.67330549
    66        0.65740059
    67        0.64114594
    68        0.62457177
    69        0.60771112
    70        0.59059965
    71        0.57327537
    72        0.55577828
    73        0.53815007
    74        0.52043373
    75        0.50267311
    76        0.48491248
    77        0.46719614
    78        0.44956793
    79        0.43207084
    80        0.41474656
    81        0.39763509
    82        0.38077444
    83        0.36420027
    84        0.34794562
    85        0.33204073
    86        0.31651282
    87        0.30138604
    88        0.28668132
    89        0.27241641
    90        0.25860589
    91        0.24526122
    92        0.23239086
    93        0.22000041
    94        0.20809273
    95        0.19666816
    96        0.18572470
    97        0.17525821
    98        0.16526263
    99        0.15573018
   100        0.14665158
   101        0.13801626
   102        0.12981255
   103        0.12202786
   104        0.11464888
   105        0.10766172
   106        0.10105208
   107        0.09480536
   108        0.08890683
   109        0.08334170
   110        0.07809523
   111        0.07315283
   112        0.06850011
   113        0.06412297
   114        0.06000760
   115        0.05614061
   116        0.05250896
   117        0.04910009
   118        0.04590187
   119        0.04290262
   120        0.04009115
   121        0.03745675
   122        0.03498918
   123        0.03267869
   124        0.03051596
   125        0.02849218
   126        0.02659895
   127        0.02482832
   128        0.02317277
   129        0.02162518
   130        0.02017881
   131        0.01882734
   132        0.01756476
   133        0.01638545
   134        0.01528409
   135        0.01425570
   136        0.01329557
   137        0.01239930
   138        0.01156274
   139        0.01078201
   140        0.01005346
   141        0.00937368
   142        0.00873946
   143        0.00814780
   144        0.00759588
   145        0.00708109
   146        0.00660096
   147        0.00615318
   148        0.00573560
   149        0.00534621
   150        0.00498312
   151        0.00464458
   152        0.00432894
   153        0.00403466
   154        0.00376031
   155        0.00350455
   156        0.00326613
   157        0.00304388
   158        0.00283672
   159        0.00264361
   160        0.00246362
   161        0.00229585
   162        0.00213949
   163        0.00199375
   164        0.00185792
   165        0.00173133
   166        0.00161335
   167        0.00150340
   168        0.00140093
   169        0.00130544
   170        0.00121644
   171        0.00113351
   172        0.00105623
   173        0.00098421
   174        0.00091709
   175        0.00085455
   176        0.00079627
   177        0.00074196
   178        0.00069136
   179        0.00064420
   180        0.00060026
   181        0.00055931
   182        0.00052116
   183        0.00048560
   184        0.00045247
   185        0.00042160
   186        0.00039284
   187        0.00036604
   188        0.00034106
   189        0.00031779
   190        0.00029611
   191        0.00027590
   192        0.00025708
   193        0.00023953
   194        0.00022319
   195        0.00020796
   196        0.00019377
   197        0.00018054
   198        0.00016822
   199        0.00015674
   200        0.00014605
