       1     6.04389999
       2     6.19505602
       3     6.34545407
       4     6.49883166
       5     6.65515565
       6     6.81439576
       7     6.97161828
       8     7.13331486
       9     7.29776664
      10     7.46495370
      11     7.63484950
      12     7.80783710
      13     7.98330707
      14     8.16136788
      15     8.34197129
      16     8.52505997
      17     8.71615305
      18     8.91052279
      19     9.11633282
      20     9.31855316
      21     9.51773813
      22     9.72075671
      23     9.92681566
      24    10.13510015
      25    10.34511442
      26    10.55889862
      27    10.77592130
      28    10.98385965
      29    11.18640865
      30    11.38622198
      31    11.58613044
      32    11.75140089
      33    11.93223610
      34    12.13796731
      35    12.32220759
      36    12.49980451
      37    12.67109612
      38    12.84110818
      39    13.00555793
      40    13.16492621
      41    13.31822987
      42    13.55758139
      43    13.73704160
      44    13.91443244
      45    14.08664228
      46    14.25329630
      47    14.41259705
      48    14.56460922
      49    14.70841650
      50    14.84290251
      51    14.96684896
      52    15.07988633
      53    15.18102501
      54    15.26982118
      55    15.34419629
      56    15.40408269
      57    15.44871447
      58    15.47721258
      59    15.48891697
      60    15.48344849
      61    15.45983868
      62    15.41863384
      63    15.35890046
      64    15.28048590
      65    15.18315383
      66    15.06697748
      67    14.93228451
      68    14.77982342
      69    14.61026710
      70    14.42392938
      71    14.22050178
      72    14.00154297
      73    13.76804254
      74    13.52060697
      75    13.26016887
      76    12.98726296
      77    12.70351282
      78    12.41025995
      79    12.10829625
      80    11.79834651
      81    11.48222330
      82    11.16036621
      83    10.83480355
      84    10.50569390
      85    10.17477694
      86     9.84295624
      87     9.51200656
      88     9.18185409
      89     8.85357246
      90     8.52869327
      91     8.20734917
      92     7.89071435
      93     7.57999598
      94     7.27446303
      95     6.97561326
      96     6.68351048
      97     6.39847007
      98     6.12145527
      99     5.85232111
     100     5.59162416
     101     5.33876680
     102     5.09427208
     103     4.85848385
     104     4.63097211
     105     4.41183781
     106     4.20101110
     107     3.99831712
     108     3.80359849
     109     3.61698042
     110     3.43804581
     111     3.26674676
     112     3.10275092
     113     2.94627717
     114     2.79694541
     115     2.65451774
     116     2.51875352
     117     2.38941069
     118     2.26624739
     119     2.14902351
     120     2.03750099
     121     1.93144552
     122     1.83062715
     123     1.73482097
     124     1.64380765
     125     1.55737355
     126     1.47531151
     127     1.39742082
     128     1.32350747
     129     1.25338432
     130     1.18687123
     131     1.12379453
     132     1.06398756
     133     1.00729045
     134     0.95354994
     135     0.90261937
     136     0.85435829
     137     0.80863249
     138     0.76531384
     139     0.72428005
     140     0.68541459
     141     0.65138038
     142     0.61534653
     143     0.58235123
     144     0.55109663
     145     0.52149474
     146     0.49346139
     147     0.46691631
     148     0.44178296
     149     0.41798843
     150     0.39546333
